t_unix,sim_time_s,real_time_s,rtf,iterations,paused
1777903936,2.295000,12.229738,0.08872955427063331,2295,
1777903936,2.300000,12.329873,0.10645406512412597,2300,
1777903936,2.311000,12.433123,0.10607698048904883,2311,
1777903936,2.321000,12.533730,0.10737977143356613,2321,
1777903936,2.332000,12.638048,0.10649279091727246,2332,
1777903936,2.343000,12.741796,0.10772282142443179,2343,
1777903936,2.354000,12.848632,0.10619548720153227,2354,
1777903937,2.365000,12.954222,0.10246676439263543,2365,
1777903937,2.376000,13.063256,0.10202746946776962,2376,
1777903937,2.386000,13.166235,0.09592816591965805,2386,
1777903937,2.396000,13.267957,0.10228960970785678,2396,
1777903937,2.407000,13.374173,0.10586893996924084,2407,
1777903937,2.418000,13.482933,0.10058624682235473,2418,
1777903937,2.429000,13.590410,0.10353647465758417,2429,
1777903937,2.440000,13.696880,0.10615786757718977,2440,
1777903937,2.451000,13.803239,0.10746070672393462,2451,
1777903937,2.462000,13.906721,0.10389848951336961,2462,
1777903938,2.473000,14.013138,0.09640031580743459,2473,
1777903938,2.484000,14.119258,0.10537659857617247,2484,
1777903938,2.495000,14.228223,0.10562357890076063,2495,
1777903938,2.506000,14.335366,0.1057166601104718,2506,
1777903938,2.517000,14.442765,0.10385190883962524,2517,
1777903938,2.528000,14.549901,0.10712944300617215,2528,
1777903938,2.539000,14.654430,0.10128852167072985,2539,
1777903938,2.550000,14.763159,0.10690237642913779,2550,
1777903938,2.561000,14.867647,0.10687433918260154,2561,
1777903939,2.572000,14.972071,0.1065624911752937,2572,
1777903939,2.583000,15.080851,0.10567133846698785,2583,
1777903939,2.594000,15.187197,0.10257364454313853,2594,
1777903939,2.605000,15.292409,0.105752055211879,2605,
1777903939,2.616000,15.401362,0.10465069794689982,2616,
1777903939,2.626000,15.501654,0.1060429418772273,2626,
1777903939,2.637000,15.605273,0.10521362996282171,2637,
1777903939,2.647000,15.709020,0.09449362049944603,2647,
1777903939,2.658000,15.814232,0.10684333711060144,2658,
1777903939,2.669000,15.918651,0.10407323925251269,2669,
1777903940,2.680000,16.026714,0.1043735001528028,2680,
1777903940,2.691000,16.130710,0.09960972908145885,2691,
1777903940,2.701000,16.231717,0.10134272010144,2701,
1777903940,2.712000,16.342120,0.09428706205191842,2712,
1777903940,2.723000,16.445910,0.10465914244182548,2723,
1777903940,2.734000,16.550973,0.10605252357282467,2734,
1777903940,2.745000,16.658475,0.10228384482927036,2745,
1777903940,2.756000,16.764065,0.10595288889557569,2756,
1777903940,2.767000,16.866832,0.10633226728146566,2767,
1777903941,2.778000,16.973704,0.10560470574568803,2778,
1777903941,2.789000,17.076844,0.10662965622385574,2789,
1777903941,2.800000,17.180215,0.10372648818726449,2800,
1777903941,2.811000,17.287790,0.10557800261199979,2811,
1777903941,2.822000,17.393135,0.10196098503691957,2822,
1777903941,2.832000,17.498201,0.09707442910042874,2832,
1777903941,2.842000,17.604534,0.08078326157894762,2842,
1777903941,2.852000,17.708386,0.0998682737469278,2852,
1777903941,2.862000,17.809004,0.10096618581857225,2862,
1777903941,2.872000,17.909914,0.10062123550802655,2872,
1777903942,2.882000,18.010496,0.09730988761875699,2882,
1777903942,2.892000,18.111854,0.09911063075492071,2892,
1777903942,2.902000,18.213698,0.10120082879430749,2902,
1777903942,2.912000,18.321496,0.09936063419110706,2912,
1777903942,2.923000,18.430843,0.09040916112413304,2923,
1777903942,2.933000,18.537886,0.09492489731973856,2933,
1777903942,2.943000,18.646257,0.09906684971578711,2943,
1777903942,2.953000,18.749597,0.08372705282197426,2953,
1777903942,2.963000,18.856515,0.10258481943686884,2963,
1777903943,2.973000,18.960564,0.091342018863223,2973,
1777903943,2.984000,19.068993,0.10552108474830953,2984,
1777903943,2.995000,19.175494,0.10330201801525213,2995,
1777903943,3.006000,19.281751,0.09321654791344545,3006,
1777903943,3.017000,19.387378,0.10693089719086117,3017,
1777903943,3.028000,19.495972,0.09109126515838357,3028,
1777903943,3.037000,19.599755,0.09785636818419387,3037,
1777903943,3.046000,19.708820,0.07848328847490176,3046,
1777903943,3.056000,19.812077,0.10008557316505612,3056,
1777903943,3.066000,19.914150,0.09715654844366382,3066,
1777903944,3.076000,20.019321,0.10256646948262908,3076,
1777903944,3.087000,20.126805,0.09921100464337265,3087,
1777903944,3.097000,20.232582,0.09718481821531161,3097,
1777903944,3.107000,20.334090,0.09705299549703217,3107,
1777903944,3.118000,20.438932,0.10314317479436604,3118,
1777903944,3.129000,20.547877,0.10451131449941903,3129,
1777903944,3.140000,20.657163,0.100901066705897,3140,
1777903944,3.151000,20.762672,0.10358181782775669,3151,
1777903944,3.162000,20.871177,0.09838688794008947,3162,
1777903945,3.172000,20.971715,0.08248326765053259,3172,
1777903945,3.183000,21.080339,0.10496037483449061,3183,
1777903945,3.194000,21.188887,0.10007765024882806,3194,
1777903945,3.205000,21.298849,0.08651420096003079,3205,
1777903945,3.216000,21.405335,0.10497703469900407,3216,
1777903945,3.227000,21.513011,0.10662931512843928,3227,
1777903945,3.238000,21.624252,0.08845457300412428,3238,
1777903945,3.248000,21.731852,0.10023352406436516,3248,
1777903945,3.258000,21.833190,0.105171946140605,3258,
1777903946,3.268000,21.939982,0.10233984709403446,3268,
1777903946,3.278000,22.042557,0.09385334719985254,3278,
1777903946,3.288000,22.145009,0.10099449277030924,3288,
1777903946,3.298000,22.250654,0.09841968496055684,3298,
1777903946,3.309000,22.358366,0.10509664056486502,3309,
1777903946,3.319000,22.459033,0.0944037102923834,3319,
1777903946,3.329000,22.559849,0.10382608466331952,3329,
1777903946,3.339000,22.664047,0.09910904929049814,3339,
1777903946,3.350000,22.767943,0.10643567570582287,3350,
1777903946,3.361000,22.871726,0.1047202001915123,3361,
1777903947,3.372000,22.979160,0.10543602858750305,3372,
1777903947,3.383000,23.083526,0.10461230418538137,3383,
1777903947,3.394000,23.187319,0.10295762243668981,3394,
1777903947,3.405000,23.294080,0.10487105055623605,3405,
1777903947,3.416000,23.398295,0.10700071433676892,3416,
1777903947,3.427000,23.504778,0.1021848865895927,3427,
1777903947,3.437000,23.608056,0.08926519923010551,3437,
1777903947,3.446000,23.712993,0.08235090759347014,3446,
1777903947,3.455000,23.814450,0.10339126449274126,3455,
1777903947,3.466000,23.918425,0.10663261247554648,3466,
1777903948,3.477000,24.024544,0.10541219964901954,3477,
1777903948,3.488000,24.127881,0.10761225410868967,3488,
1777903948,3.499000,24.235226,0.10637816907214301,3499,
1777903948,3.509000,24.335757,0.10705935466976312,3509,
1777903948,3.520000,24.442109,0.10529676418831779,3520,
1777903948,3.530000,24.543977,0.10781404965850439,3530,
1777903948,3.540000,24.644000,0.1072424930791057,3540,
1777903948,3.551000,24.748236,0.09825429626735858,3551,
1777903948,3.561000,24.853705,0.10169523930008455,3561,
1777903949,3.571000,24.956165,0.10155172044354949,3571,
1777903949,3.581000,25.060196,0.09479479864731614,3581,
1777903949,3.591000,25.161885,0.09785224115880538,3591,
1777903949,3.601000,25.267816,0.08997233170855298,3601,
1777903949,3.612000,25.373195,0.10047426869049976,3612,
1777903949,3.623000,25.480447,0.1036988982199462,3623,
1777903949,3.634000,25.586170,0.0918558913337457,3634,
1777903949,3.645000,25.690520,0.10503923635634856,3645,
1777903949,3.656000,25.794347,0.1028695459852588,3656,
1777903949,3.667000,25.902378,0.0879367256566741,3667,
1777903950,3.677000,26.003029,0.0996318999823253,3677,
1777903950,3.687000,26.103734,0.10135352565840518,3687,
1777903950,3.697000,26.204011,0.0991245124808665,3697,
1777903950,3.707000,26.313493,0.0986665122206862,3707,
1777903950,3.718000,26.422406,0.10473448028760926,3718,
1777903950,3.729000,26.528365,0.10617876532995742,3729,
1777903950,3.740000,26.636593,0.1048962858952468,3740,
1777903950,3.751000,26.740578,0.10459563953330263,3751,
1777903950,3.762000,26.849338,0.09795980102013378,3762,
1777903951,3.772000,26.956896,0.09697275308070315,3772,
1777903951,3.782000,27.058868,0.09889369600156964,3782,
1777903951,3.793000,27.168278,0.09588025553238662,3793,
1777903951,3.803000,27.272388,0.10553235426746985,3803,
1777903951,3.814000,27.381947,0.10144882104803328,3814,
1777903951,3.824000,27.491352,0.09236386374667548,3824,
1777903951,3.834000,27.594118,0.09470504114934038,3834,
1777903951,3.845000,27.703980,0.10067624231966116,3845,
1777903951,3.856000,27.812114,0.10050533075249045,3856,
1777903951,3.866000,27.914098,0.09911751709826729,3866,
1777903952,3.877000,28.022614,0.09793145268383105,3877,
1777903952,3.888000,28.129714,0.10615799154175587,3888,
1777903952,3.899000,28.237635,0.10258070485664243,3899,
1777903952,3.909000,28.339056,0.09524600519205023,3909,
1777903952,3.920000,28.444227,0.1001710520885464,3920,
1777903952,3.931000,28.554710,0.09133350108253033,3931,
1777903952,3.942000,28.659163,0.10543836315798019,3942,
1777903952,3.953000,28.763197,0.10618283537476914,3953,
1777903952,3.964000,28.869227,0.09061015154457236,3964,
1777903953,3.975000,28.975794,0.10269184068141377,3975,
1777903953,3.985000,29.077812,0.09813065999247338,3985,
1777903953,3.995000,29.186531,0.09104648004748256,3995,
1777903953,4.005000,29.294327,0.10056962636372413,4005,
1777903953,4.016000,29.402866,0.10239475738842171,4016,
1777903953,4.026000,29.503564,0.10363462163258728,4026,
1777903953,4.037000,29.610980,0.10595783979937519,4037,
1777903953,4.048000,29.716623,0.09613633824763067,4048,
1777903953,4.058000,29.819559,0.0956241527102419,4058,
1777903954,4.068000,29.929530,0.09914577979048117,4068,
1777903954,4.078000,30.029916,0.09904011312757882,4078,
1777903954,4.088000,30.130570,0.09944291086902066,4088,
1777903954,4.098000,30.235951,0.09942101179570652,4098,
1777903954,4.108000,30.343702,0.08381867138018172,4108,
1777903954,4.118000,30.444261,0.08603603343945304,4118,
1777903954,4.128000,30.551800,0.08036107839745545,4128,
1777903954,4.138000,30.652900,0.10555980316474624,4138,
1777903954,4.148000,30.757548,0.10090780699484846,4148,
1777903954,4.159000,30.866968,0.10508700994249219,4159,
1777903955,4.169000,30.968577,0.10276099262597393,4169,
1777903955,4.179000,31.076639,0.09484199892031868,4179,
1777903955,4.190000,31.182443,0.10420263828575822,4190,
1777903955,4.201000,31.290483,0.10435243574237887,4201,
1777903955,4.212000,31.398784,0.10183012149249965,4212,
1777903955,4.221000,31.498868,0.09443908660026466,4221,
1777903955,4.231000,31.607349,0.0926027788982714,4231,
1777903955,4.242000,31.716158,0.10271868628552487,4242,
1777903955,4.252000,31.818828,0.10339833090278323,4252,
1777903956,4.263000,31.927645,0.10519666253068455,4263,
1777903956,4.274000,32.030572,0.10559743491158907,4274,
1777903956,4.285000,32.133934,0.10725504208634223,4285,
1777903956,4.296000,32.241549,0.10485606251015138,4296,
1777903956,4.307000,32.345441,0.10410623083078958,4307,
1777903956,4.318000,32.452957,0.10360923817266873,4318,
1777903956,4.328000,32.553346,0.10323352165880578,4328,
1777903956,4.339000,32.661631,0.10618136967171268,4339,
1777903956,4.350000,32.764823,0.10728697420263247,4350,
1777903956,4.361000,32.872856,0.09695250170903022,4361,
1777903957,4.372000,32.984199,0.0868225281539412,4372,
1777903957,4.382000,33.088531,0.10080283409184106,4382,
1777903957,4.392000,33.191140,0.08716569667226648,4392,
1777903957,4.402000,33.293346,0.10281296265833197,4402,
1777903957,4.412000,33.393463,0.10327058990949262,4412,
1777903957,4.422000,33.501964,0.0773526399334396,4422,
1777903957,4.432000,33.604093,0.1043568025868799,4432,
1777903957,4.443000,33.710604,0.1045866583610915,4443,
1777903957,4.454000,33.816649,0.10584614733254478,4454,
1777903957,4.464000,33.919286,0.10527777488263897,4464,
1777903958,4.475000,34.026196,0.09091023968393783,4475,
1777903958,4.486000,34.132474,0.10580934573743347,4486,
1777903958,4.496000,34.234441,0.10597111185102497,4496,
1777903958,4.507000,34.339158,0.10559553930651397,4507,
1777903958,4.518000,34.446366,0.10567312512627938,4518,
1777903958,4.528000,34.546952,0.10485893222988182,4528,
1777903958,4.539000,34.650169,0.10711519081928553,4539,
1777903958,4.550000,34.753507,0.10640890174308422,4550,
1777903958,4.561000,34.859885,0.10562335577442358,4561,
1777903959,4.572000,34.965448,0.10556605468617218,4572,
1777903959,4.583000,35.071368,0.0978580918709381,4583,
1777903959,4.594000,35.180511,0.10326835034696617,4594,
1777903959,4.605000,35.285742,0.1006299636987469,4605,
1777903959,4.616000,35.392314,0.10566239491214437,4616,
1777903959,4.626000,35.500799,0.08820997785400296,4626,
1777903959,4.636000,35.601801,0.10086303455517133,4636,
1777903959,4.647000,35.708513,0.10330072680325364,4647,
1777903959,4.658000,35.816110,0.1020843480092174,4658,
1777903959,4.669000,35.922628,0.10229957161031393,4669,
1777903960,4.680000,36.027219,0.10536679445551499,4680,
1777903960,4.691000,36.133675,0.10315073933292417,4691,
1777903960,4.702000,36.238952,0.10611001635049241,4702,
1777903960,4.713000,36.341577,0.10714129976753552,4713,
1777903960,4.723000,36.441708,0.0896025713787524,4723,
1777903960,4.734000,36.549263,0.10273686909802371,4734,
1777903960,4.745000,36.655952,0.1059864203839019,4745,
1777903960,4.756000,36.763440,0.08651090033018616,4756,
1777903960,4.767000,36.867214,0.10664948898897351,4767,
1777903961,4.778000,36.974360,0.10454295596880689,4778,
1777903961,4.789000,37.084091,0.08841806465942334,4789,
1777903961,4.800000,37.190741,0.10117763686880711,4800,
1777903961,4.811000,37.294752,0.10722704952442123,4811,
1777903961,4.822000,37.400527,0.09009552828864445,4822,
1777903961,4.833000,37.506357,0.10673638972273729,4833,
1777903961,4.844000,37.610757,0.10408333494662503,4844,
1777903961,4.855000,37.717833,0.08553467511578187,4855,
1777903961,4.866000,37.821570,0.1073317341620488,4866,
1777903962,4.877000,37.926604,0.10368069580529678,4877,
1777903962,4.888000,38.033817,0.08925379011757045,4888,
1777903962,4.899000,38.138027,0.10625857705951702,4899,
1777903962,4.910000,38.244275,0.10528965763909633,4910,
1777903962,4.921000,38.351377,0.0890576392618796,4921,
1777903962,4.931000,38.455309,0.08856414581519798,4931,
1777903962,4.942000,38.563670,0.10591972640510991,4942,
1777903962,4.953000,38.675370,0.07990400013807411,4953,
1777903962,4.961000,38.776268,0.07585550406399656,4961,
1777903962,4.970000,38.888190,0.06652011398620652,4970,
1777903963,4.979000,38.992650,0.10570322825058304,4979,
1777903963,4.989000,39.093282,0.09622233980592146,4989,
1777903963,4.999000,39.200583,0.09232600978803425,4999,
1777903963,5.010000,39.308065,0.10431601242445435,5010,
1777903963,5.020000,39.417987,0.0725758346710874,5020,
1777903963,5.027000,39.523449,0.061925793083632025,5027,
1777903963,5.035000,39.633529,0.09423712643107322,5035,
1777903963,5.046000,39.739550,0.1055655977762818,5046,
1777903963,5.054000,39.848252,0.08170863876022502,5054,
1777903964,5.064000,39.956375,0.09267758136720934,5064,
1777903964,5.074000,40.057441,0.10190935326082415,5074,
1777903964,5.084000,40.159046,0.07972879453251819,5084,
1777903964,5.094000,40.261705,0.10636014523690553,5094,
1777903964,5.105000,40.369892,0.0884876739767219,5105,
1777903964,5.113000,40.476903,0.0816137053568951,5113,
1777903964,5.123000,40.578000,0.10536279782902062,5123,
1777903964,5.133000,40.678350,0.08714302296358084,5133,
1777903964,5.144000,40.784699,0.10199119448823267,5144,
1777903964,5.154000,40.886050,0.10164656250130234,5154,
1777903965,5.164000,40.988583,0.1022103185813862,5164,
1777903965,5.175000,41.095248,0.1023427902165205,5175,
1777903965,5.185000,41.195965,0.08541367594239258,5185,
1777903965,5.196000,41.302172,0.10452684876637414,5196,
1777903965,5.207000,41.408313,0.10427297078803151,5207,
1777903965,5.217000,41.517465,0.08660841615551823,5217,
1777903965,5.227000,41.622650,0.09681632114051175,5227,
1777903965,5.237000,41.725479,0.0980237817457369,5237,
1777903965,5.247000,41.831802,0.09790521991470497,5247,
1777903966,5.257000,41.934855,0.09965319690943547,5257,
1777903966,5.268000,42.041167,0.10379121276607008,5268,
1777903966,5.279000,42.145314,0.10706303400364785,5279,
1777903966,5.289000,42.247404,0.10160858584421696,5289,
1777903966,5.300000,42.353785,0.1041553397734663,5300,
1777903966,5.310000,42.455083,0.09894213052881205,5310,
1777903966,5.320000,42.563647,0.1016636442065244,5320,
1777903966,5.330000,42.664881,0.09334409030630023,5330,
1777903966,5.341000,42.770269,0.107015852258195,5341,
1777903966,5.351000,42.870362,0.09889841016849718,5351,
1777903967,5.362000,42.978195,0.10295942451447425,5362,
1777903967,5.373000,43.084800,0.1016223396795807,5373,
1777903967,5.383000,43.187411,0.0837713247237075,5383,
1777903967,5.394000,43.297044,0.10293574812363572,5394,
1777903967,5.405000,43.401954,0.10713657052195116,5405,
1777903967,5.416000,43.510703,0.08587304288894777,5416,
1777903967,5.427000,43.618553,0.09858123853130517,5427,
1777903967,5.437000,43.718967,0.10453901066580164,5437,
1777903967,5.448000,43.824328,0.09363622028782276,5448,
1777903967,5.458000,43.925323,0.10563263862620105,5458,
1777903968,5.469000,44.030481,0.10507682902507827,5469,
1777903968,5.480000,44.135412,0.10670467060214833,5480,
1777903968,5.491000,44.243068,0.10381992973051876,5491,
1777903968,5.502000,44.346435,0.10729690867949372,5502,
1777903968,5.513000,44.453364,0.09477877922089,5513,
1777903968,5.523000,44.562631,0.10526544049270962,5523,
1777903968,5.534000,44.667256,0.10589982765862047,5534,
1777903968,5.545000,44.773079,0.10332371733937296,5545,
1777903968,5.556000,44.881430,0.10317920938930805,5556,
1777903969,5.567000,44.990233,0.10625822704322882,5567,
1777903969,5.578000,45.094533,0.10503548518831603,5578,
1777903969,5.588000,45.196606,0.09891154765612767,5588,
1777903969,5.599000,45.303499,0.1058278553307819,5599,
1777903969,5.610000,45.410779,0.1033506807450964,5610,
1777903969,5.620000,45.514588,0.10370914728161212,5620,
1777903969,5.631000,45.622130,0.09997820475136421,5631,
1777903969,5.642000,45.730463,0.10020473832133815,5642,
1777903969,5.652000,45.831321,0.10314913270661984,5652,
1777903970,5.663000,45.937923,0.1026802207296169,5663,
1777903970,5.673000,46.047349,0.0837836284444078,5673,
1777903970,5.683000,46.149112,0.10371074988887394,5683,
1777903970,5.693000,46.250248,0.10217452942243292,5693,
1777903970,5.704000,46.355271,0.10497372874977444,5704,
1777903970,5.715000,46.462262,0.10055859292785495,5715,
1777903970,5.725000,46.563265,0.10023955248252274,5725,
1777903970,5.736000,46.670161,0.10412925606206687,5736,
1777903970,5.746000,46.776522,0.07863725413177827,5746,
1777903970,5.757000,46.885490,0.10700851177805236,5757,
1777903971,5.768000,46.992441,0.10641185709015287,5768,
1777903971,5.779000,47.100258,0.08905223839925396,5779,
1777903971,5.790000,47.205344,0.10562984913628057,5790,
1777903971,5.801000,47.309420,0.10632568727595185,5801,
1777903971,5.812000,47.416621,0.08433154474560083,5812,
1777903971,5.822000,47.522568,0.10203581865378022,5822,
1777903971,5.833000,47.631121,0.10278447247308486,5833,
1777903971,5.844000,47.741017,0.0738677532317696,5844,
1777903971,5.854000,47.849515,0.10037715713020101,5854,
1777903972,5.865000,47.958768,0.1045900493654574,5865,
1777903972,5.876000,48.066591,0.10179999700708009,5876,
1777903972,5.886000,48.168169,0.10178597747517033,5886,
1777903972,5.897000,48.274692,0.10515854174967619,5897,
1777903972,5.908000,48.380569,0.10443498843643591,5908,
1777903972,5.919000,48.489606,0.10431284590791659,5919,
1777903972,5.930000,48.596752,0.10418860053767569,5930,
1777903972,5.941000,48.702746,0.09775371732948575,5941,
1777903972,5.951000,48.807012,0.1040591280615106,5951,
1777903972,5.961000,48.909600,0.0830676552825214,5961,
1777903973,5.971000,49.010774,0.10349095696018082,5971,
1777903973,5.980000,49.112961,0.0956021664980563,5980,
1777903973,5.990000,49.216746,0.10220068740182346,5990,
1777903973,6.001000,49.323872,0.10054096063871662,6001,
1777903973,6.012000,49.433168,0.1013187650458366,6012,
1777903973,6.023000,49.539661,0.0971640061380446,6023,
1777903973,6.034000,49.646091,0.10309916077283131,6034,
1777903973,6.044000,49.748141,0.09702761716472882,6044,
1777903973,6.055000,49.857116,0.10481411217206285,6055,
1777903974,6.066000,49.964499,0.10465321691430408,6066,
1777903974,6.076000,50.064654,0.08670961046834721,6076,
1777903974,6.087000,50.171913,0.10161832259651073,6087,
1777903974,6.098000,50.280602,0.10217703499614537,6098,
1777903974,6.109000,50.390075,0.08798052322369083,6109,
1777903974,6.120000,50.499662,0.10403787644545023,6120,
1777903974,6.131000,50.608135,0.09775295287232388,6131,
1777903974,6.142000,50.716721,0.08663179563628715,6142,
1777903974,6.153000,50.826291,0.10217087568103274,6153,
1777903975,6.164000,50.931828,0.10446198941591123,6164,
1777903975,6.175000,51.040106,0.08954509123659801,6175,
1777903975,6.186000,51.147598,0.10629783867793552,6186,
1777903975,6.197000,51.252337,0.10558146935408108,6197,
1777903975,6.208000,51.361993,0.0744821479698103,6208,
1777903975,6.218000,51.462101,0.09646301940633378,6218,
1777903975,6.228000,51.563187,0.1008213613847935,6228,
1777903975,6.239000,51.671845,0.10469361361628388,6239,
1777903975,6.250000,51.781061,0.10236504192872117,6250,
1777903975,6.261000,51.886672,0.10576460458474754,6261,
1777903976,6.272000,51.991175,0.105905334398741,6272,
1777903976,6.283000,52.099741,0.1051873565638909,6283,
1777903976,6.294000,52.205327,0.10568219335360458,6294,
1777903976,6.305000,52.309762,0.10671447475135527,6305,
1777903976,6.316000,52.416195,0.10732896940898981,6316,
1777903976,6.327000,52.521745,0.10553212038935443,6327,
1777903976,6.338000,52.631067,0.09812486329979982,6338,
1777903976,6.349000,52.739042,0.10664288103847984,6349,
1777903976,6.360000,52.844938,0.10493002164391556,6360,
1777903977,6.371000,52.949668,0.10538492740506583,6371,
1777903977,6.382000,53.057925,0.1045275152482126,6382,
1777903977,6.392000,53.158334,0.08420660494715489,6392,
1777903977,6.400000,53.260273,0.08911393126998937,6400,
1777903977,6.410000,53.361665,0.10285311454144533,6410,
1777903977,6.421000,53.466773,0.10041574125193124,6421,
1777903977,6.432000,53.574537,0.10698281085781386,6432,
1777903977,6.442000,53.684382,0.09579714915347891,6442,
1777903977,6.453000,53.791565,0.10257838989266402,6453,
1777903977,6.463000,53.895437,0.09835917228789336,6463,
1777903978,6.473000,54.001140,0.1012271975614773,6473,
1777903978,6.484000,54.107534,0.10386995564649024,6484,
1777903978,6.495000,54.215390,0.10624092104929059,6495,
1777903978,6.505000,54.318283,0.08695648393196351,6505,
1777903978,6.516000,54.425112,0.10359267690935807,6516,
1777903978,6.526000,54.533671,0.08165777032478234,6526,
1777903978,6.536000,54.641053,0.08441541229584766,6536,
1777903978,6.546000,54.745763,0.10478539165897804,6546,
1777903978,6.557000,54.850125,0.10627192456223672,6557,
1777903979,6.568000,54.955765,0.10652200126718572,6568,
1777903979,6.579000,55.065084,0.10065289506915559,6579,
1777903979,6.590000,55.174747,0.08294044444798324,6590,
1777903979,6.599000,55.274762,0.09141438809448262,6599,
1777903979,6.608000,55.376458,0.09804477155666272,6608,
1777903979,6.619000,55.485973,0.09856284529644796,6619,
1777903979,6.629000,55.586116,0.10402810340018977,6629,
1777903979,6.639000,55.687384,0.10219189348498066,6639,
1777903979,6.650000,55.791745,0.10657604008623281,6650,
1777903979,6.661000,55.896054,0.10194067521629517,6661,
1777903980,6.672000,56.004581,0.10400167234689134,6672,
1777903980,6.682000,56.104872,0.077046149256574,6682,
1777903980,6.690000,56.213759,0.07156984006860398,6690,
1777903980,6.700000,56.319049,0.10041765711949138,6700,
1777903980,6.710000,56.422442,0.10009972936036172,6710,
1777903980,6.720000,56.525145,0.10303445750451987,6720,
1777903980,6.731000,56.630727,0.10516131746098516,6731,
1777903980,6.740000,56.737688,0.07768098037125916,6740,
1777903980,6.749000,56.840683,0.10549364485184684,6749,
1777903981,6.760000,56.947848,0.10174312425053471,6760,
1777903981,6.770000,57.048593,0.10243626210899054,6770,
1777903981,6.781000,57.153127,0.10515875185815514,6781,
1777903981,6.792000,57.258430,0.10590859833782809,6792,
1777903981,6.803000,57.367320,0.10327806648587497,6803,
1777903981,6.812000,57.471174,0.07377133835962052,6812,
1777903981,6.822000,57.580200,0.10573917339247114,6822,
1777903981,6.833000,57.684690,0.10594175385937864,6833,
1777903981,6.843000,57.786763,0.09546519329505943,6843,
1777903981,6.854000,57.896447,0.09778551022132381,6854,
1777903982,6.864000,58.001949,0.09627942600131807,6864,
1777903982,6.874000,58.106467,0.0979448141697938,6874,
1777903982,6.884000,58.209684,0.10144150406100773,6884,
1777903982,6.895000,58.313495,0.10716522788417797,6895,
1777903982,6.906000,58.420758,0.10721172536044046,6906,
1777903982,6.917000,58.526035,0.10650028765727697,6917,
1777903982,6.928000,58.630810,0.10353743944871698,6928,
1777903982,6.938000,58.736600,0.09147009362421434,6938,
1777903982,6.949000,58.845010,0.10175786715510443,6949,
1777903983,6.958000,58.955319,0.06856240810923253,6958,
1777903983,6.967000,59.058293,0.08861871602469201,6967,
1777903983,6.978000,59.167324,0.10113796391478358,6978,
1777903983,6.989000,59.273753,0.10575832952603346,6989,
1777903983,7.000000,59.382407,0.08573687370606982,7000,
1777903983,7.010000,59.482422,0.09913080130797144,7010,
1777903983,7.020000,59.588714,0.08418643658850293,7020,
1777903983,7.030000,59.690074,0.08983265075490868,7030,
1777903983,7.040000,59.790684,0.10365690146095073,7040,
1777903983,7.050000,59.891859,0.07616397402899883,7050,
1777903984,7.059000,59.991895,0.08096228533862071,7059,
1777903984,7.069000,60.101179,0.08942034779686595,7069,
1777903984,7.079000,60.212347,0.08722968719346942,7079,
1777903984,7.087000,60.318878,0.07172562309662611,7087,
1777903984,7.097000,60.429129,0.09612967508650469,7097,
1777903984,7.107000,60.539151,0.09630711336859266,7107,
1777903984,7.116000,60.643656,0.08874494852659869,7116,
1777903984,7.125000,60.747893,0.09457223465111546,7125,
1777903984,7.134000,60.848837,0.09456622472717645,7134,
1777903985,7.144000,60.952354,0.09790310158004836,7144,
1777903985,7.154000,61.059989,0.1026529842557012,7154,
1777903985,7.165000,61.168985,0.0881136454553625,7165,
1777903985,7.176000,61.274786,0.10499614716637973,7176,
1777903985,7.187000,61.384061,0.10042473638004576,7187,
1777903985,7.197000,61.487700,0.08286765165919684,7197,
1777903985,7.207000,61.593889,0.07645690739608188,7207,
1777903985,7.215000,61.697408,0.07750297805193164,7215,
1777903985,7.225000,61.801663,0.09941576338332521,7225,
1777903985,7.235000,61.906062,0.09843889690947145,7235,
1777903986,7.245000,62.012645,0.09495514698676932,7245,
1777903986,7.255000,62.113740,0.10405305373861581,7255,
1777903986,7.265000,62.219602,0.09900072626932792,7265,
1777903986,7.276000,62.326145,0.10323800851816808,7276,
1777903986,7.287000,62.432736,0.09690054873811745,7287,
1777903986,7.297000,62.546513,0.06831968419909176,7297,
1777903986,7.306000,62.658447,0.07538252485324153,7306,
1777903986,7.314000,62.761566,0.0765315356993976,7314,
1777903986,7.323000,62.864918,0.09914252620510466,7323,
1777903987,7.333000,62.965301,0.10046788900588932,7333,
1777903987,7.344000,63.072529,0.10491150557137796,7344,
1777903987,7.355000,63.180736,0.0930943972533429,7355,
1777903987,7.365000,63.283335,0.10196618332316561,7365,
1777903987,7.376000,63.390453,0.10223523017853134,7376,
1777903987,7.387000,63.500068,0.1029815209958725,7387,
1777903987,7.397000,63.604850,0.08147672987930119,7397,
1777903987,7.408000,63.713937,0.10270600539473564,7408,
1777903987,7.419000,63.820626,0.0993571789237988,7419,
1777903988,7.429000,63.931254,0.08469053443538303,7429,
1777903988,7.439000,64.033529,0.09548464568703494,7439,
1777903988,7.450000,64.143085,0.10205970778672706,7450,
1777903988,7.460000,64.249219,0.10133809865608454,7460,
1777903988,7.470000,64.353228,0.09604244615116139,7470,
1777903988,7.480000,64.457039,0.09401193782388875,7480,
1777903988,7.490000,64.565381,0.10116882365343284,7490,
1777903988,7.500000,64.670977,0.09840261073934604,7500,
1777903988,7.510000,64.777691,0.09005383328099704,7510,
1777903988,7.520000,64.879932,0.10516175981895351,7520,
1777903989,7.530000,64.980304,0.10497218604472466,7530,
1777903989,7.541000,65.086123,0.10551204414708337,7541,
1777903989,7.552000,65.194618,0.09850243788608647,7552,
1777903989,7.563000,65.302674,0.10354205997549573,7563,
1777903989,7.574000,65.406560,0.10563096491456937,7574,
1777903989,7.585000,65.511827,0.10657740311794324,7585,
1777903989,7.596000,65.620679,0.10397469255983094,7596,
1777903989,7.607000,65.725005,0.09972865826658826,7607,
1777903989,7.618000,65.829368,0.10741480072835828,7618,
1777903990,7.629000,65.937724,0.09747610007871195,7629,
1777903990,7.639000,66.048988,0.0791747081778606,7639,
1777903990,7.648000,66.153807,0.08377104401925427,7648,
1777903990,7.658000,66.259887,0.09015314856265229,7658,
1777903990,7.667000,66.365959,0.09810779495863285,7667,
1777903990,7.676000,66.468141,0.07613492235037336,7676,
1777903990,7.686000,66.575724,0.09690544102732171,7686,
1777903990,7.695000,66.676403,0.10345780825047053,7695,
1777903990,7.706000,66.781873,0.09499906853413302,7706,
1777903990,7.717000,66.890541,0.10519432758523475,7717,
1777903991,7.728000,66.998838,0.1034075475514437,7728,
1777903991,7.738000,67.101930,0.10275686390161647,7738,
1777903991,7.748000,67.205907,0.09345412715387232,7748,
1777903991,7.758000,67.307395,0.08971241697900792,7758,
1777903991,7.767000,67.409599,0.062146611064508056,7767,
1777903991,7.777000,67.518594,0.09701818489454027,7777,
1777903991,7.788000,67.629136,0.08532825095516444,7788,
1777903991,7.798000,67.737062,0.09261935787184426,7798,
1777903991,7.809000,67.844592,0.09674818701153655,7809,
1777903992,7.819000,67.950777,0.10102730626650155,7819,
1777903992,7.828000,68.053863,0.0835623219495825,7828,
1777903992,7.838000,68.158949,0.09372195077741889,7838,
1777903992,7.847000,68.268833,0.08757447771457236,7847,
1777903992,7.857000,68.380576,0.0825889931501515,7857,
1777903992,7.867000,68.489290,0.09412186371831811,7867,
1777903992,7.877000,68.589389,0.1025396087437165,7877,
1777903992,7.887000,68.702291,0.07727969298323571,7887,
1777903992,7.895000,68.808794,0.05768340337156032,7895,
1777903992,7.903000,68.909651,0.08578211240510568,7903,
1777903993,7.913000,69.016530,0.09012335453905825,7913,
1777903993,7.923000,69.128442,0.08101762019814641,7923,
1777903993,7.933000,69.237003,0.10534811283077859,7933,
1777903993,7.944000,69.341007,0.10575194337702545,7944,
1777903993,7.955000,69.446392,0.10499371087671848,7955,
1777903993,7.965000,69.551064,0.10228468179491206,7965,
1777903993,7.975000,69.655510,0.08113675844045413,7975,
1777903993,7.984000,69.768241,0.07163728153136438,7984,
1777903993,7.991000,69.873909,0.06622572256071292,7991,
1777903994,8.001000,69.983258,0.09144948252853063,8001,
1777903994,8.011000,70.088583,0.0982373758832154,8011,
1777903994,8.021000,70.195031,0.09243990412502903,8021,
1777903994,8.031000,70.296934,0.10577435980862034,8031,
1777903994,8.042000,70.402630,0.10537725372966983,8042,
1777903994,8.053000,70.508979,0.10537235693199953,8053,
1777903994,8.064000,70.617174,0.10334694240319879,8064,
1777903994,8.075000,70.723116,0.10609332138298161,8075,
1777903994,8.086000,70.828056,0.10634098534706295,8086,
1777903995,8.096000,70.937233,0.09362031830533743,8096,
1777903995,8.106000,71.040630,0.09641857075667173,8106,
1777903995,8.116000,71.146311,0.08808090900907392,8116,
1777903995,8.126000,71.253651,0.10042755020950693,8126,
1777903995,8.137000,71.360313,0.10540541081811569,8137,
1777903995,8.148000,71.466728,0.09407413832322632,8148,
1777903995,8.157000,71.568834,0.09917581918978711,8157,
1777903995,8.167000,71.671392,0.09729120844534389,8167,
1777903995,8.177000,71.773945,0.09770597127112245,8177,
1777903995,8.187000,71.880647,0.08077993348903396,8187,
1777903996,8.196000,71.981671,0.0940921337000292,8196,
1777903996,8.206000,72.084885,0.10110662208943103,8206,
1777903996,8.217000,72.193780,0.09896822654777152,8217,
1777903996,8.227000,72.304538,0.08607016370889418,8227,
1777903996,8.237000,72.407637,0.10384660278300588,8237,
1777903996,8.247000,72.511222,0.1040438299199674,8247,
1777903996,8.257000,72.614659,0.10229704955872633,8257,
1777903996,8.267000,72.717952,0.09936904630359072,8267,
1777903996,8.277000,72.819803,0.10066314869094621,8277,
1777903997,8.287000,72.930029,0.08641166239447408,8287,
1777903997,8.297000,73.030373,0.10066699940465537,8297,
1777903997,8.307000,73.130451,0.10123561100297461,8307,
1777903997,8.316000,73.230825,0.10062113426179808,8316,
1777903997,8.326000,73.338365,0.09883249177466587,8326,
1777903997,8.337000,73.445937,0.10455564634470846,8337,
1777903997,8.348000,73.552446,0.10370816853241119,8348,
1777903997,8.359000,73.660976,0.10538025199368899,8359,
1777903997,8.370000,73.765295,0.10672749279936287,8370,
1777903997,8.381000,73.871047,0.10287410709132824,8381,
1777903998,8.392000,73.979923,0.10224412564044442,8392,
1777903998,8.402000,74.080053,0.10541698902303435,8402,
1777903998,8.411000,74.187493,0.0879704384138754,8411,
1777903998,8.421000,74.295188,0.09434392152019758,8421,
1777903998,8.431000,74.396541,0.10112955646801383,8431,
1777903998,8.441000,74.500928,0.09412337861891448,8441,
1777903998,8.452000,74.610958,0.08578226693537104,8452,
1777903998,8.463000,74.716140,0.10497936000802882,8463,
1777903998,8.474000,74.820406,0.10627248925133476,8474,
1777903998,8.484000,74.923609,0.08559247539430313,8484,
1777903999,8.495000,75.032293,0.10588713405671188,8495,
1777903999,8.506000,75.142121,0.06965728615213151,8506,
1777903999,8.515000,75.245266,0.09940309435868552,8515,
1777903999,8.525000,75.354781,0.09723386192577692,8525,
1777903999,8.535000,75.455548,0.09446366412650725,8535,
1777903999,8.545000,75.558529,0.10346466966058933,8545,
1777903999,8.555000,75.659251,0.09972497845441841,8555,
1777903999,8.566000,75.768574,0.10472514623557608,8566,
1777903999,8.577000,75.874257,0.10495076916844462,8577,
1777904000,8.587000,75.980512,0.09150363996904615,8587,
1777904000,8.598000,76.087439,0.10463380209625452,8598,
1777904000,8.609000,76.196878,0.09708235486454925,8609,
1777904000,8.619000,76.303959,0.08471029924760312,8619,
1777904000,8.629000,76.409315,0.09738945615000781,8629,
1777904000,8.639000,76.519809,0.0951133156264044,8639,
1777904000,8.649000,76.626798,0.08532080323393147,8649,
1777904000,8.659000,76.731594,0.10111983134830048,8659,
1777904000,8.670000,76.839477,0.10512398480453825,8670,
1777904001,8.681000,76.949171,0.09929283641902371,8681,
1777904001,8.691000,77.051482,0.10203592276696934,8691,
1777904001,8.702000,77.156997,0.10150288212358646,8702,
1777904001,8.713000,77.263994,0.10595513414608691,8713,
1777904001,8.723000,77.368279,0.09964343592887212,8723,
1777904001,8.733000,77.468980,0.09443202348562196,8733,
1777904001,8.743000,77.574265,0.1016989728708837,8743,
1777904001,8.753000,77.680390,0.09712987060164378,8753,
1777904001,8.764000,77.789073,0.10345898565085944,8764,
1777904001,8.775000,77.895473,0.10283923707683582,8775,
1777904002,8.785000,77.997789,0.09944973467308038,8785,
1777904002,8.796000,78.107100,0.10500333543094996,8796,
1777904002,8.807000,78.217290,0.09773706442622039,8807,
1777904002,8.817000,78.326206,0.09565861048980843,8817,
1777904002,8.827000,78.430331,0.09760640782163092,8827,
1777904002,8.837000,78.534427,0.1026206860316006,8837,
1777904002,8.847000,78.638154,0.08724219060255041,8847,
1777904002,8.855000,78.739962,0.08207684625299498,8855,
1777904002,8.864000,78.840151,0.07706827948996521,8864,
1777904003,8.874000,78.948730,0.0838132479913317,8874,
1777904003,8.883000,79.050867,0.08251368365672922,8883,
1777904003,8.892000,79.163801,0.064747033663213,8892,
1777904003,8.901000,79.267544,0.08636926332114174,8901,
1777904003,8.909000,79.368946,0.06201190045576886,8909,
1777904003,8.918000,79.477658,0.08392974509613187,8918,
1777904003,8.927000,79.578134,0.09218795575420625,8927,
1777904003,8.938000,79.685113,0.10411438172559384,8938,
1777904003,8.947000,79.785758,0.07271133968971018,8947,
1777904003,8.957000,79.890034,0.09896695325187099,8957,
1777904004,8.967000,79.995879,0.09312670875869733,8967,
1777904004,8.976000,80.095995,0.08266580694227446,8976,
1777904004,8.984000,80.197818,0.08203165503129671,8984,
1777904004,8.994000,80.304000,0.09059921687848914,8994,
1777904004,9.004000,80.408803,0.09728598372619521,9004,
1777904004,9.014000,80.515810,0.0961865588325568,9014,
1777904004,9.024000,80.620450,0.10483513260124165,9024,
1777904004,9.034000,80.726869,0.10301287949429741,9034,
1777904004,9.044000,80.828830,0.10482654979764283,9044,
1777904005,9.054000,80.929514,0.10153850121658355,9054,
1777904005,9.064000,81.032732,0.09946906397720885,9064,
1777904005,9.075000,81.137256,0.10674585786041804,9075,
1777904005,9.085000,81.237880,0.10696894092618843,9085,
1777904005,9.096000,81.345516,0.10401760726841754,9096,
1777904005,9.107000,81.454187,0.09844676599420306,9107,
1777904005,9.117000,81.556535,0.10418317318816867,9117,
1777904005,9.128000,81.663736,0.10017888944287814,9128,
1777904005,9.139000,81.771313,0.10406618859353402,9139,
1777904005,9.149000,81.881884,0.08434685925191421,9149,
1777904006,9.159000,81.983717,0.10329056897196756,9159,
1777904006,9.170000,82.090078,0.098300753514596,9170,
1777904006,9.180000,82.193364,0.09290247395572045,9180,
1777904006,9.191000,82.299506,0.10308723592400491,9191,
1777904006,9.202000,82.409396,0.0925556303302209,9202,
1777904006,9.212000,82.513323,0.10314103649728089,9212,
1777904006,9.223000,82.617295,0.10370913652602602,9223,
1777904006,9.234000,82.724696,0.10494315858758262,9234,
1777904006,9.245000,82.833106,0.10040442904017383,9245,
1777904007,9.256000,82.939756,0.1032179325881618,9256,
1777904007,9.266000,83.045520,0.09930537873681175,9266,
1777904007,9.277000,83.156902,0.08454956473038581,9277,
1777904007,9.287000,83.257279,0.10467307719482434,9287,
1777904007,9.298000,83.365030,0.1031014036328192,9298,
1777904007,9.309000,83.474094,0.08396667295577047,9309,
1777904007,9.320000,83.582641,0.10462470490601981,9320,
1777904007,9.331000,83.689140,0.10510272687973862,9331,
1777904007,9.341000,83.793729,0.09267292629036393,9341,
1777904007,9.350000,83.898751,0.10324120604312076,9350,
1777904008,9.361000,84.008000,0.10444623442079967,9361,
1777904008,9.372000,84.113919,0.09765692711345948,9372,
1777904008,9.382000,84.222019,0.10408952115177136,9382,
1777904008,9.393000,84.326757,0.09875388399025734,9393,
1777904008,9.404000,84.436444,0.10242281160860146,9404,
1777904008,9.414000,84.540134,0.10388746909347794,9414,
1777904008,9.425000,84.647743,0.10496633519697562,9425,
1777904008,9.436000,84.752156,0.10625099012641424,9436,
1777904008,9.447000,84.859395,0.10643646871044554,9447,
1777904009,9.458000,84.963294,0.10647450148638404,9458,
1777904009,9.469000,85.071207,0.10261045091546993,9469,
1777904009,9.479000,85.173656,0.09792673435101407,9479,
1777904009,9.490000,85.282132,0.10414241016363272,9490,
1777904009,9.500000,85.388241,0.08747117933979728,9500,
1777904009,9.510000,85.495574,0.09389377778140834,9510,
1777904009,9.520000,85.600643,0.0756000584539652,9520,
1777904009,9.530000,85.705941,0.10049440231104967,9530,
1777904009,9.540000,85.811145,0.07794693388330612,9540,
1777904009,9.550000,85.915753,0.1027118179601474,9550,
1777904010,9.561000,86.021066,0.1052484674244416,9561,
1777904010,9.572000,86.125946,0.10409191565973352,9572,
1777904010,9.582000,86.231186,0.10580956965026023,9582,
1777904010,9.593000,86.336274,0.10574466343694267,9593,
1777904010,9.603000,86.436780,0.10246381413555943,9603,
1777904010,9.613000,86.540548,0.10377016734288497,9613,
1777904010,9.624000,86.647049,0.10477714634412628,9624,
1777904010,9.635000,86.752998,0.10472469657590038,9635,
1777904010,9.645000,86.854602,0.10481773767684062,9645,
1777904011,9.655000,86.956070,0.09692971258207765,9655,
1777904011,9.666000,87.065570,0.0915020407700153,9666,
1777904011,9.676000,87.166468,0.09358389735568404,9676,
1777904011,9.686000,87.269987,0.10567032233146773,9686,
1777904011,9.696000,87.372150,0.10272111310241695,9696,
1777904011,9.706000,87.474187,0.08518034851880318,9706,
1777904011,9.717000,87.580419,0.10548238359808006,9717,
1777904011,9.728000,87.684967,0.10615799154175587,9728,
1777904011,9.739000,87.795916,0.07984250586662772,9739,
1777904011,9.749000,87.900553,0.0726392181463227,9749,
1777904012,9.759000,88.012756,0.07789340707865684,9759,
1777904012,9.769000,88.117375,0.10335196252457839,9769,
1777904012,9.779000,88.226037,0.10414034953250356,9779,
1777904012,9.790000,88.333122,0.10581663458659028,9790,
1777904012,9.801000,88.438810,0.1016303128262333,9801,
1777904012,9.811000,88.539576,0.10564885405857469,9811,
1777904012,9.822000,88.643275,0.10521096218265612,9822,
1777904012,9.833000,88.748575,0.10601286975036195,9833,
1777904012,9.844000,88.857330,0.10651995885773109,9844,
1777904013,9.855000,88.961811,0.10647120257413296,9855,
1777904013,9.866000,89.066133,0.10568822480984574,9866,
1777904013,9.876000,89.172588,0.09813972230776735,9876,
1777904013,9.886000,89.278096,0.08465633548967129,9886,
1777904013,9.896000,89.382345,0.10361201857970717,9896,
1777904013,9.906000,89.484042,0.0981638645464319,9906,
1777904013,9.917000,89.591228,0.10570703843973028,9917,
1777904013,9.928000,89.697485,0.10477263447750987,9928,
1777904013,9.939000,89.807362,0.10095332241422197,9939,
1777904013,9.950000,89.913748,0.10492882153391248,9950,
1777904014,9.961000,90.017701,0.10647654215299827,9961,
1777904014,9.972000,90.124615,0.1037651926509755,9972,
1777904014,9.983000,90.229313,0.10675968139494763,9983,
1777904014,9.993000,90.337291,0.0987317121717837,9993,
1777904014,10.003000,90.437490,0.08973161632483706,10003,
1777904014,10.013000,90.539568,0.1041200295700884,10013,
1777904014,10.024000,90.645167,0.10623990521700616,10024,
1777904014,10.035000,90.749800,0.0934756606205363,10035,
1777904014,10.046000,90.855904,0.10680960355052212,10046,
1777904015,10.057000,90.964706,0.08869841200572033,10057,
1777904015,10.068000,91.071296,0.09070535020065837,10068,
1777904015,10.078000,91.175080,0.09798922196949714,10078,
1777904015,10.088000,91.278552,0.09998480231004887,10088,
1777904015,10.099000,91.383534,0.10639607449555227,10099,
1777904015,10.109000,91.484697,0.094145744579394,10109,
1777904015,10.120000,91.589049,0.10472876558822221,10120,
1777904015,10.131000,91.694464,0.10341589955337775,10131,
1777904015,10.141000,91.796629,0.10558000905876477,10141,
1777904015,10.152000,91.905688,0.0951556632463915,10152,
1777904016,10.162000,92.008364,0.08529740561117041,10162,
1777904016,10.171000,92.110246,0.07783490686975558,10171,
1777904016,10.181000,92.213869,0.10375527699338788,10181,
